( 10 0 0)  0.1        3      { 10 0 0 }     1    { 1 2 3 }   2          4      ()|  
(-10 0 0)  0.1        3      { 10 0 0 }     1    { 1 2 3 }   2          4      ()|  
(-20 0 0)  0.1        3      { 10 0 0 }     1    { 1 2 3 }   2          4      ()| 
( 30 0 0)  0.1        3      { 10 0 0 }     1    { 1 2 3 }   2          4      ()|  
(-40 0 0)  0.1        3      { 10 0 0 }     1    { 1 2 3 }   2          4      ()| 
( 50 0 0)  0.1        3      { 10 0 0 }     1    { 1 2 3 }   2          4      ()|  
(-60 0 0)  0.1        3      { 0 0 0 }     1    { 1 2 3 }   2          4      ()| 
( 70 0 0)  0.1        3      { 0 0 10 }     1    { 1 2 3 }   2          4      ()|  
(-80 0 0)  0.1        3      { 10 0 0 }     1    { 1 2 3 }   2          4      ()| 
( 90 0 0)  0.1        3      { 0 10 0 }     1    { 1 2 3 }   2          4      ()|  
(-1000 0 0)  0.1        3      { 0 10 0 }     1    { 1 2 3 }   2          4      ()| 
( 110 0 0)  0.1        3      { 0 0 10 }     1    { 1 2 3 }   2          4      ()|  
(-120 0 0)  0.1        3      { 0 10 0 }     1    { 1 2 3 }   2          4      ()| 
( 130 0 0)  0.1        3      { 0 0 0 }     1    { 1 2 3 }   2          4      ()|  
(-140 0 0)  0.1        3      { 0 10 0 }     1    { 1 2 3 }   2          4      ()| 
( 150 0 0)  0.1        3      { 0 0 0 }     1    { 1 2 3 }   2          4      ()|  
(-160 0 0)  0.1        3      { 0 10 0 }     1    { 1 2 3 }   2          4      ()| 
( 210 0 0)  0.1        3      { 10 0 0 }     1    { 1 2 3 }   2          4      ()|  
(-220 0 0)  0.1        3      { 0 0 0 }     1    { 1 2 3 }   2          4      ()| 
( 230 0 0)  0.1        3      { 0 0 0 }     1    { 1 2 3 }   2          4      ()|  
(-240 0 0)  0.1        3      { 10 0 0 }     1    { 1 2 3 }   2          4      ()| 
( 250 0 0)  0.1        3      { 0 0 0 }     1    { 1 2 3 }   2          4      ()|  
(-260 0 0)  0.1        3      { 0 10 0 }     1    { 1 2 3 }   2          4      ()| 
( 2100 0 0)  0.1        3      { 0 10 0 }     1    { 1 2 3 }   2          4      ()|  
(-2200 0 0)  0.1        3      { 0 10 0 }     1    { 1 2 3 }   2          4      ()| 
( 2300 0 0)  0.1        3      { 0 0 0 }     1    { 1 2 3 }   2          4      ()|  
(-2400 0 0)  0.1        3      { 0 10 0 }     1    { 1 2 3 }   2          4      ()| 
( 2500 0 0)  0.1        3      { 0 10 0 }     1    { 1 2 3 }   2          4      ()|  
(-2600 0 0)  0.1        3      { 10 0 0 }     1    { 1 2 3 }   2          4      ()| 
( 1100 0 0)  0.1        3      { 0 0 10 }     1    { 1 2 3 }   2          4      ()|  
(-1200 0 0)  0.1        3      { 0 0 10 }     1    { 1 2 3 }   2          4      ()| 
( 1300 0 0)  0.1        3      { 0 0 0 }     1    { 1 2 3 }   2          4      ()|  
(-1400 0 0)  0.1        3      { 0 0 0 }     1    { 1 2 3 }   2          4      ()| 
( 1500 0 0)  0.1        3      { 0 0 0 }     1    { 1 2 3 }   2          4      ()|  
(-1600 0 0)  0.1        3      { 0 0 10 }     1    { 1 2 3 }   2          4      ()| 
( 2100 0 0)  0.1        3      { 0 0 0 }     1    { 1 2 3 }   2          4      ()|  
(-2200 0 0)  0.1        3      { 0 0 10 }     1    { 1 2 3 }   2          4      ()| 
( 2300 0 0)  0.1        3      { 0 0 0 }     1    { 1 2 3 }   2          4      ()|  
(-2400 0 0)  0.1        3      { 1 0 0 }     1    { 1 2 3 }   2          4      ()| 
( 2500 0 0)  0.1        3      { 0 0 0 }     1    { 1 2 3 }   2          4      ()|  
(-2600 0 0)  0.1        3      { 0 0 0 }     1    { 1 2 3 }   2          4      ()| 
( 2100 0 0)  0.1        3      { 0 0 10 }     1    { 1 2 3 }   2          4      ()|  
(-2200 0 0)  0.1        3      { 0 0 0 }     1    { 1 2 3 }   2          4      ()| 
( 2300 0 0)  0.1        3      { 0 0 10 }     1    { 1 2 3 }   2          4      ()|  
(-2400 0 0)  0.1        3      { 0 0 0 }     1    { 1 2 3 }   2          4      ()| 
( 2500 0 0)  0.1        3      { 0 0 0 }     1    { 1 2 3 }   2          4      ()|  
(-2600 0 0)  0.1        3      { 0 0 0 }     1    { 1 2 3 }   2          4      ()| 
!
!
!
!
!